free_thresh: 0.196
image: kth_y2_floorsix_full.pgm
negate: 0
occupied_thresh: 0.65
origin: [-7.1499999999999915, -18.049999999999997, 0.0]
resolution: 0.05
